1003
1000
1026
1007
1000
1022
1000
1022
1000
1023
1001
1000
1022
1000
1022
1000
1023
1005
1000
1024
1007
1000
1025
1026
1007
1000
1023
1000
1030
1028
1023
1006
1024
1000
1016
1028
1025
1026
1000
1030
1028
1023
1027
1027
1000
1030
1028
1023
1000
1030
1028
1023
1000
1030
1028
1023
1000
1030
1000
1014
1000
1023
1000
1030
1008
1023
1000
1030
1009
1023
1000
1030
1008
1023
1004
1024
1000
1025
1023
1006
1024
1000
1025
1026
1000
1030
1028
1023
1000
1030
1028
1015
1000
1023
1000
1030
1000
1012
1000
1023
1027
1002
1024
1000
1018
1028
1025
1026
1006
1024
1000
1018
1028
1025
1026
1000
1030
1028
1023
1000
1030
1000
1013
1028
1023
1027
1010
1026
1000
1030
1000
1013
1028
1023
1027
1027
1027
